11111111111111111111111111111111111111111
11111111111111111111111111111111111111111
11101111010000000011100001110011111011111
10000000000000000111110011111011111011111
10000000001001000000000000000000000000000
10111111111001000011100001110011111011111
10101111100001000111110011111011111011111
10000000000001000000000000000000000000000
11111111111111000011100001110011111011111
11111111111111000111110011111011111011111
00000000000000000000000000000000000000000
01110111000111000011100001110011111011111
01110111011111110111110011111011111011111
01110111011111110000000000000000000000000
00000000000111000011100001110011111011111
01110111000000000111110011111011111011111
01110111000111000000000000000000000000000
01110111011111110111110011111011111011111
00000000011111110111110011111011111011111
01110000000111000000000000000000000000000
01110000000000000000000000000000000000000
01110000011000001100000110000011000001100
00000001111110111111011111101111110111111
00000001111110111111011111101111110111111
00000000011000001100000110000011000001100
